920 219 623 810 37 356 817 946 401 490 858
376 428 953 598 716 992 972 579 202 911 185 501 179 254
389 717 261 740 48 800 265 749 702 267 489 448 615 256 974 212 12 556
99 945
904 758 851 601 173 519
767
501 262 557 498 301 756 863 235 175
292 943 896 306 168 681 532 993 413 358 657 967
500 417 935 232 535 516 36
617 373
681 561 957 694 682 695 276 488 161 735 670 835 778
155 728 508 784 511 184 922 844 559 41 260 730 553 517 781 392
786 134

724 746 683 311 703 39 437 505 979
20 369 877 621 735 809 873 613 980 530
710 84 836
348 826 292 13 601 530 164 540 572 137 25 317 712 306
615
277 914 587 474 866 849 830 62

648 863 951 550 532 270 860 584 714 350 890 370 382
844 916 1 171 850 225 995

186 635 978 691 705 242 992 231 486 512
