-413744183
-116214545
198843445
287367025
-336603310
242110437
212534641
440507356
7346744
-310127615
-123650391
-57187371
261707247
-23376032
2415938
532463150
-378889007
261341497
50865717
165970602
-261418639
-221656241
265974881
184734810
517102314
13410813
113450044
459358221
-345635890
527193126
22790881
-60054328
440086812
-231035536
236180986
438169574
53749004
-502924968
-80905855
53872528
-449373875
24967997
532002243
-26643143
200019358
-178018948
-238040971
481358176
-160664059
-213298920
478084527
275288536
-261977038
447498634
-1572722
-174347068
-260961204
-5020909
172342228
378259247
454165703
336396402
69935321
362619651
-38388077
-279940655
-506181827
-355713161
156536340
149960688
478949090
515059701
-493055066
187395765
-355181265
-42406907
352982124
-143576556
-457299880
420487764
60118445
194252448
125251024
222781890
491870383
367456742
194183679
352895851
-477343186
508366148
286005149
206197010
165540938
-85518628
-168784898
503159867
219170329
-298701358
33084568
289611137
185315843
-507718701
-20915183
189102756
-174021112
-236833129
113906880
-71366893
390856658
-218353335
-403731082
-265762062
-402023361
-519682661
433876309
-241402168
-18169296
480584215
43055077
-385760366
222821746
-217145383
419357126
445093193
-262053007
-359985064
137677339
-190339833
143429566
-512419827
311805212
-107692136
77212893
255854745
345738682
467030568
332669634
-70145140
312842734
460553886
-485235969
41230996
-497937741
-418543230
-84869829
-505578530
363914601
244680577
143283806
198887192
462958316
322005948
-507539555
309870587
95599418
-196789936
-373881599
-380600291
-289200075
253161155
130625912
-459598703
433651164
445726831
18311669
160133950
-460056295
524617395
332305370
-477957493
-441036714
-322961609
481858717
376559961
-235920307
-43343799
-413312673
447091892
-429120894
-524553595
-168752571
187685612
-267998664
520272112
-171957133
529814743
502497551
320164712
291421395
-21963527
-485366367
-194732599
491280946
433391424
-264489644
-345933232
455989467
-107945037
-56759132
-397277007
-487982075
262101419
525536689
201152968
327118581
-204508575
348009429
-505263495
-317880788
-503374989
431337382
160678569
530121352
214059577
34331662
-421459317
-490203929
-528841058
-372362494
514084393
335611911
-203630890
-19906782
194066215
111675781
227728407
23754352
447085593
-242815157
465151028
452662229
-158433969
342377723
406776371
-44306133
-257740559
47482115
105737255
-448097655
426385805
335388836
-54666627
-256695061
-456410390
-178780004
166345190
467728546
207786685
-349078537
499953084
-286153552
445997163
-13658962
-101825069
-504580120
-331171560
457626395
481206388
-59057533
-173016170
-252534937
506393240
-253165197
-203267618
514001127
-297382160
-439641716
222203535
82438605
525682932
-318900866
227682738
-332367604
213010301
-173903523
280703161
-142478463
363805138
-406350561
-103107367
487596241
-80322776
24306281
165579963
-155137094
-385775352
134446586
71043849
459488529
-83250231
-73221352
430957499
244252515
348961161
62531628
33582448
-85166645
-157085493
-488995914
-452794387
-311708004
272640463
333572589
175471767
223711220
-402115118
432702111
192297355
-206259893
135427178
-246055703
-201437387
413869053
-224852757
377152292
-471077599
85893811
352523075
-103514515
19993889
207443095
530096982
-309660650
-206604236
42983052
18593931
-187680583
149782729
-262096592
252519986
142820096
-162998287
-7556714
-53677693
416920095
-509769898
-429833771
387511480
-309684782
359559716
196566300
337779302
180446619
-415117602
-294594244
-482248961
-287387801
-467129394
-240216765
111275526
95920
360897315
252153077
-521838380
-318279589
-445128393
384466695
-289422626
426994177
-3482354
529916327
323131172
-179982487
-140279462
504339579
-136523520
523208771
228977516
-157636403
336620048
-112988233
125755677
-367274753
-477989634
-113739574
351778291
-503351922
431860549
-268691865
-414571773
510282958
172380521
90880260
-214510165
-381547409
-104522916
-184629659
-130425123
437721101
-343182413
463676986
63581641
51927428
-303596341
-106448169
345907658
180042035
36094936
-516753343
-525810839
181038357
-209740679
-255547011
-468993336
-72963303
-302019635
40801127
-257902985
252914349
60237497
160471754
224857653
286666586
519163955
225648800
-285240056
-414128979
-486711363
-446305881
-376924461
226859602
-194953421
357792251
332986073
-224849667
-256727635
414779812
54758893
-210550108
-399046370
312079484
-503532736
-114934683
131798869
-473665940
-536384876
457139926
153263734
-138308080
410392864
-396872924
242030467
39218554
494603775
-317595296
256198130
-33506714
157722133
310088372
251697234
292915431
-46880924
-49165700
-112704557
-477290141
235010972
-187767007
202539360
479856856
328201629
311290719
-506597065
-184544784
-471619633
49299934
166669534
-137062330
219467168
515904624
69232500
121054206
-72554258
-528282982
-163754320
75903340
-281310967
-504884650
-361716267
19921016
257585622
228979636
105753595
-390125593
356172054
-352118406
162670909
476218571
250404529
-289661204
-7496144
-32671234
384315635
-359036202
-200381917
177511427
-91171658
355572524
230568397
247889944
337117744
-403920978
-328417883
207119866
-269151269
190722624
484417602
251914237
21036419
434911178
125537806
417761335
-186181053
300241499
-461640186
23103120
67998724
-74057885
30637424
-23668832
317220677
112974928
-241829910
-445579873
-296663363
493829387
-300395775
-336740335
292401880
-343055868
150428844
-46854606
29222838
-452185673
-134963788
190860600
300992177
81004390
-242427149
332157184
463066206
-472705615
155205504
470210165
-31964403
221839136
240932677
406815252
181217063
-510019780
-89465411
158731174
331481321
499238775
261943238
-197289539
-276480739
-408306118
96598507
532206542
447492544
215166692
51476847
-155571773
-183202683
-140578895
2869282
318783832
-119573225
-278493718
226232907
181225256
-485707263
-433155870
319240469
-256419920
534632589
-353014153
84493279
225593017
-76336334
469350125
77123174
-6706627
104395227
380861149
-458544604
-148900585
-492658137
-481833410
268497014
121085125
-82443056
44877116
-315191738
-522048243
219231366
-59344125
-86137772
-223936611
-9725217
-521144518
-170243832
-437017860
403408871
268126293
208668453
521534155
-433042628
87378158
-40864258
-36530463
280186301
316022944
-43062430
513147394
-144257692
-44785213
-284511903
57183980
-278795779
103355767
-169506150
50333244
171473677
-112632648
-493795216
-507011118
235805553
20443501
612112
501264232
194206665
253004365
403466421
-356779623
-172714168
1742158
-179063756
-530535533
-198156036
-19226622
357237299
-219092816
336452484
182355889
-237147652
-260797648
277194528
-139717084
-194966767
-166813433
-119331817
97804715
-522941979
72243546
47688620
172073706
195873043
-197251140
127075739
-392829152
-435037361
-270913107
382564219
336290200
-497138924
174713306
-533888884
-122209201
-361257865
-391592877
99996532
345723386
-498409738
-173667138
340474977
-94667395
469617510
533843899
419878897
433511319
51901146
138486769
-183892475
262764544
392904601
-120696890
456089002
228744975
-37676126
-475099746
-515356522
-487300226
286393242
245208188
-495100692
28343489
140106250
504196083
-269544668
-246668930
350881665
-425517549
292814868
64880274
252372109
118952212
19967773
-127801815
-430289285
-439005219
260307627
205377123
512555024
-448284164
-61742473
-235791216
-281117969
-295701494
-83422629
97639514
507713233
330754576
361058317
469613282
-304771707
-311656601
-61025968
-325884938
9721282
143876488
-52624699
-94061199
162297570
256946490
488909736
106485739
133374036
-85836601
256195523
-206018088
330137369
508708286
-35836141
6890413
183914710
-405388195
115012598
-246152234
485350657
38349024
373579145
506675290
-56341492
293811569
310778386
445958199
265750054
-307256395
153090546
100181509
-520636656
-448542278
-19845986
-411739541
-328408168
56908753
305766498
-219800583
395204938
483576192
-124203661
453824784
192464526
-392148001
535567932
273896162
-310459301
406185213
40254501
-419049306
-225170508
-74615995
-321617711
464269474
-423229722
-131741431
15498482
100854050
496755149
-145214257
99671172
99316147
312647381
41137086
347733829
-292115250
338110067
-363822597
48598510
488623342
215748923
-303329997
-416235223
536081558
-510716088
-151000623
140902646
25036415
-329924038
-386369506
112260994
-393538769
-453406530
292136385
-127491865
-386185148
25747138
434842621
252234994
-228656529
297257508
248428706
380371241
363172140
-475307592
-509148424
-157704332
-368440330
389882047
111573712
274146064
383360198
-200392329
347442552
-327722403
-371730299
-91480280
-412159611
55389508
513864772
-327444490
454480680
139856234
-299972175
257215518
-425672520
187555261
-365625728
-258656783
455420725
21794007
46409738
115600045
435706861
-121064543
-12369123
-310112082
-148120778
244716396
263243212
288703516
86166245
-346463467
463174097
-475921417
-262753072
366365904
255139636
111808111
-28923405
-464615473
133644045
387758340
-21366538
472899476
310985260
422132327
-495946406
-294404144
-110865762
493410208
365802827
484868462
116390912
-239352688
83441546
280600880
-26215389
-214723195
312995617
229252929
212804919
-203679203
-438053980
438823643
-284226682
-355326052
-465008006
18968520
62412712
522093983
488984835
-422675348
-464275856
141981596
-359477978
235372561
515943622
7091453
264329092
-155971922
403985206
166479616
67774755
492910239
276330205
315102183
476274262
504415431
230595964
-379888085
481088998
51552815
304431595
-254313932
-87148109
214512466
53463106
-166578961
518988102
-125153741
276751581
501387289
344629190
-55646917
-382712193
320335500
-451947593
265923769
-67566958
294521620
510933308
349718293
-133091022
486269559
-305656524
54742087
-441292428
96678662
-43542966
-376819084
-240596328
465813177
262174088
460288222
97617820
136132898
-31528753
449054672
-114583734
-261809432
369993271
-205646594
221793347
355817391
-146880017
7816922
-356096623
-521103606
378207528
17793691
-13282297
182413543
-382691928
-367599267
-136328424
122367140
-107713494
-158479491
-443474413
364197391
-455930582
-396147970
127522955
80077128
160213761
-197522469
-235267754
-143213299
284352408
446322920
34072574
-229403586
-152453355
151226980
-83718507
-306443635
340324401
324182916
-503084003
519155120
-229433008
292307344
-342725964
-497518707
-530855186
-62541929
-44477872
404597595
-327178552
-27810306
243563862
-126254482
-103130567
376965964
-274700003
-341956019
-25740728
-394352898
-264478133
214585128
-468583097
-27734531
90384105
432994722
423746273
-66172287
14127525
-385863313
-265827100
-495961203
497834484
107990423
387734081
-296084281
11087501
-124234530
357556264
44879919
82979979
-71234472
249214042
89014673
-411535465
-339346105
-351488143
-63176420
488963867
-125051718
293863116
151615156
379974527
-214336370
-431603823
405607790
371341208
-532256018
478651421
-286998179
-97280355
-254258953
-8707163
-32398926
290666473
-125586213
502952040
-183979873
109119989
456621336
315877550
82846556
-294022379
150695173
200532737
403067882
376394569
-504244779
-510366430
118388284
-442583462
-487898095
-527593961
241091817
123360536
-193629337
-24350198
407662245
172717469
135774321
-381024173
38324468
217059186
-427024038
-476247201
-297214196
84536351
146687496
-446244748
77047532
-56274983
248244881
-287095974
-473454759
-225209581
529868934
-456996662
446283555
14846029
137279872
-381106263
5594336
-453032996
-13375823
246515615
195800649
225446768
193347810
-514323512
277363758
395983988
-361153043
-502527285
-7954767
-213638223
502690473
190388698
-90371380
-501711451
-415854350
43651367
-479961437
-504978115
-160229678
10751327
365371325
4549372
192254885
-312084034
-174140006
-85073921
-432709939
431585484
330776012
-155362553
-306655461
-428203264
-464855613
-247007092
271985017
-504075426
-394559922
-258031746
254767921
105848322
-231064826
-365661308
399463682
-238302616
-244176023
-347108812
446145855
220357047
-9277294
-267796982
91595731
421203203
534647869
340606856
-407467770
280349272
-356635225
-518636751
-325590025
148959952
147240874
428139153
-431613184
-101144520
-434226329
27298571
-318222899
135621683
-404252034
-411468955
-206809182
327386539
-220879886
162081829
-279858293
348587465
-479846390
-248961854
-100475273
422653760
123904004
-335057372
-215012668
-105805889
-311578249
214497302
-32591357
-444292257
-478024038
-228533907
-109439602
-101849322
517397569
-367075944
406247410
-500386014
-182643463
-400302523
-394473002
29424632
398609920
338984395
204790085
415324124
-139358005
93153586
435207152
-271813747
456420165
-23944262
-244348354
183798239
390728793
273942497
-354881502
-163856225
-331378626
188382673
467331442
-516792312
-199491079
412417752
-165881619
240165117
453986446
-275380723
-65029343
102197051
-452128312
-23694733
117258310
512233905
512329477
89888967
198807548
-137413832
300127448
378355626
461203657
358499305
102363476
-93490656
-68110297
-388408656
-392705937
494272626
2743280
-439924339
36505518
-19808640
-384968348
-36370735
516711681
524884086
-99167502
-227910060
84983106
-388110753
-21123382
-167796715
-278692491
354361656
-163138200
-408071722
-397564197
-205436511
-396449166
60041644
219346088
-103549803
258364960
-353953094
-299648004
447927995
278828286
-53808646
-31097444
-418455792
-367588323
-157229411
244638157
10357085
273147020
117504259
77363239
-524537965
87003625
-360689996
-499603077
152862544
-258021884
218621064
-293238560
-7517831
-235131288
126591018
-10355661
406256101
-380231458
389117943
-423485562
-239847025
485779044
-431265904
265036777
500794104
-63667670
-125990608
333921076
-528743167
-503012009
-518567771
260985465
246062747
221159113
181325534
-182249104
161269234
-158120377
-154407058
-314385126
-72692602
-378052012
83953298
-105909596
135558437
-187686085
375895141
-270951284
419894227
248150292
-312071891
-30906712
134582390
272430059
529713329
-20592886
-208297930
-503434788
201526110
254443566
521708027
225518195
263330857
291807605
267927544
88927446
308342157
2855880
251751764
-364266674
84731254
242914804
-158572038
18652220
-315228419
231557507
-330349565
90468127
262705264
137627076
-67067188
-380055570
328340477
-100141917
-178580526
-8880303
232887290
-295093716
-228934217
360011971
228126793
34902328
73406408
-54064722
391356557
-267900339
147460027
-248874009
-114130614
-329930861
179290286
-369963459
482826164
484564329
-463113684
343222299
319571217
-188785905
-187267400
-105412218
-320636641
217999449
-198937076
-423556938
4575720
-159054401
332528668
-108528304
155984634
-113029725
193959678
87873582
375815899
275674276
-415443177
410718856
342073895
-153294840
469506053
-217002923
-462978235
200393249
473719379
-265921354
-448090958
-532364635
-32719632
-233007634
-338625365
-535653000
452676123
496196791
215040736
-111177018
147861189
165477999
517801508
-115187038
67441321
-479517279
120306488
-456518292
235608376
-78320391
-413486278
-457404924
-227649641
381608093
92974684
61844638
-217301540
108746333
280608476
105774546
-525580253
-24183099
-251122522
233961715
500515538
-272829059
42309424
-80078423
116120534
-405417845
229918819
-110417299
384423423
438383034
-482517912
-207342556
-41300159
-247426135
-223319795
-448557515
-333553972
308757442
-206176540
129740928
-486888314
422944405
60791137
-372218119
429509951
-106494211
365881040
21284953
167551224
-254685964
199301207
-213825431
234573716
241705271
160153950
61934216
-495378601
-384392545
506374633
-506897877
366849193
460825293
148436175
-458247952
-198384775
310654282
330117546
142495860
-155404826
209822007
521689806
-433129575
227257506
-259819700
-197332501
-402640705
335548069
325013411
-63815385
-362538338
-260190321
405255936
535164813
-115682424
-467424835
289019561
-287785692
378396571
-2426497
240445212
-2473213
-102701668
-495270830
-512395566
-207675778
38136269
-181063090
-29924086
-452764882
-125115638
108007647
431070675
218795196
454079254
440798731
-213271726
-188848566
332705465
-241850897
-400781344
-526885331
336522697
-5275931
212962441
-303707248
450510062
-522156505
218355748
459197953
-458924388
-163228735
-59935837
-437195169
-383173431
-476781220
-68538204
225404111
-521778879
-454512247
-71663806
-157059149
-137558628
-226639425
-105837640
16753301
162291402
312052767
209945187
304532765
-156183344
395355221
-350853812
-278186239
-395717124
-54392956
-256148721
-129587955
-217798689
-94553375
101190067
-372725751
-2009225
-270738215
-507787924
418889674
47325235
-274130824
327554074
318430974
-207947783
-438021045
-180991318
383919337
-272697192
290025197
-206334287
319456302
-59622776
77523596
-407041132
134576793
-291379039
130284863
513764561
291641545
291902704
-225170284
132259332
461288813
-303641675
392611327
495095547
-285986998
211239043
256860368
-445417354
-279401454
509782728
-175569638
509402809
-357806647
-198886748
44703885
-5163212
-307972862
-166334196
477404939
-207799408
-233293385
181625914
397112723
-512034148
-85619293
207459974
320289187
484915722
-399548251
-505186782
-527949011
-127769817
43201194
-99647094
135571549
396509496
-421855151
502416025
85352305
-6626518
495128012
290831529
-476248325
-90139515
-212170911
268298854
459998683
-9919129
173621287
376614130
-287370864
9395366
-503021131
404956921
486291214
-482416247
-34166065
-403538123
351831571
-409094970
205156672
-175633171
228327327
-375946910
-172934919
254601216
241901267
217538004
187898758
-129622892
-146579546
263318834
-282320913
-426694933
299750810
221083119
476529179
-245078352
249468764
514264448
468536959
284738808
-474024993
323233175
501534017
211385362
-176017577
28334703
267556112
332924493
-488787109
-315821828
73385654
323741165
282581921
-405448083
-420159790
-256816486
114736250
418631526
-212780432
-157487670
-533539157
-256960430
-362172489
533631113
380282054
61085538
90036355
-89487473
-396807799
223971464
258089384
-405221750
394768954
-120552659
-469345426
166277882
-50688803
-162836888
-162176730
-324022075
161383902
184728897
316377442
190647947
-499092476
-445351318
63695131
515977337
479310522
-194333564
-370887936
261679112
-492650872
155190068
-235170998
-456515147
-362597448
-225341340
-5437221
162468243
-390482760
-378222175
-123618288
-485698411
10057406
-188663860
-353589725
-479981552
287781409
520433840
323455262
332028234
459224552
81114861
74358383
235999343
-314806201
-331824720
-393454881
-495529043
246045858
-332241247
-203073052
194861946
-137086250
-78287937
-519779560
297510277
-392114183
285559136
317781003
-471407847
-48390242
232147117
456546840
447332013
-173742868
-502161882
54697154
461583756
-421935675
41620571
59321417
336833248
511656388
-319409894
-411610751
-430143480
-200932945
-519426544
237692950
-230666801
-23679255
81194012
44428561
17559446
325008013
-19526567
-186188797
210278008
464126859
-94561322
-492329627
-95519548
-290263205
-413098418
328351729
284607502
110594710
95645493
515260650
-418318167
408826062
-501324235
-229562498
-328516603
-164715327
95219004
345535763
192716752
-150066742
356024612
381061149
160099821
-123352942
396922948
356239762
-76187776
81782212
-76303047
-528151704
-25608053
366740291
-469433786
-315068323
-79087211
159926583
192817427
131450250
-448778473
-1410524
126049003
-445006828
-335740824
-19377222
422506951
-39488983
-272759118
375683627
-485038648
-496293982
-127909198
-28825791
188041001
-277197821
173349231
210300637
-126852169
300979678
-163211872
-43399847
-410140372
-504770707
-65022201
417393260
-223862094
-63033248
366676679
-504238576
433687775
151788907
-37387913
38674216
263471106
-123686201
30380754
446898327
125742797
-370689632
466455367
-157389791
224153703
-488128859
-1781957
114829523
-105154427
78049166
-259934784
535858060
432705307
452075574
526515698
476146828
-531535496
283498131
-128704001
-156200314
112139023
191143692
-61323155
-445383779
-443155802
-420100742
268467688
-347273167
-122137301
32688680
55170241
-161403484
-371618148
166046172
368907514
-113060485
-57557350
237303818
471588093
143892614
26017759
86276957
300728610
-359125980
92455653
22828456
-495701442
-412826249
-153490679
314194972
-407779465
-211321840
-94257974
112989860
-26127312
451811207
-473408576
-407022220
377085680
-272393670
-379157367
-300229386
450645686
175234625
414771137
-198050784
73108229
241217468
211173685
-186993450
-139119033
-46559043
-427629152
-349048223
98218887
33815976
146398737
-275968663
376975165
-10769117
460643584
-114822493
-238961244
-4995161
-458318375
-201479496
328497476
-473850754
414663016
527087797
-153163904
359210248
154323605
381970900
-505024787
-23435934
-206244532
-68183220
314933404
292812465
241977136
35072086
364647560
448415154
-356224846
259369873
317069169
89713187
8118186
-30420412
-202219810
217524617
298866210
-5471261
-301324618
-516856178
481805995
533497835
-294809130
155534392
-180078996
183720269
-107932525
-429670575
90774393
831337
-189485174
373647750
504658279
-198993817
-40094582
12602492
294557774
-117480423
-49402583
-160790013
-366338106
-145773577
-491120370
510363651
466906513
214209365
385230132
326973003
-32917712
61281697
231304017
-241637893
269861192
116166826
-274465344
69504767
231083025
78467686
-400328195
-117142833
-363171379
-167228892
-479202154
-236415614
-514772667
18364729
413788051
520152110
-53416659
-527986189
328233620
425232263
-459636602
-476197463
-83021871
-423161999
-440494760
-398222147
12294469
225726675
-271227776
-409145550
414619777
369125950
-127466223
51795026
-329305897
282797489
-383540745
459344003
-345183215
76113415
530612507
-466386347
-138568390
-108193387
-472192848
-267572168
-441658446
404074354
424432687
105769510
356971605
230202711
-236230271
-508062586
-180452377
60156754
-509061060
-341745775
117530520
469741149
-342576508
-83708258
-429454663
83778675
-430850010
-144351410
-428321735
212782901
88459393
532006533
349328049
-239594395
-28073803
-180368398
404416193
-234854696
434490106
203807756
-239960295
331772641
376181512
-470050121
-99945282
-249361292
-18498586
478358945
-199598725
-147773082
-448607279
-487212494
-330138140
-270402490
-480421385
146937903
-67134887
-216099990
-459427913
447233004
4806569
-97624475
-214143459
290459641
81419051
-217222990
-71678721
-45883327
-313413949
394057689
412941436
53090712
214642927
-267294862
354027520
415097009
-416072310
-181563167
325765954
-205463721
-169892261
283514745
-390306419
-519477847
-377436433
334506029
111298901
245228731
33386125
-312771988
486967934
268914951
-24736532
530657422
27851265
18706684
-452004265
-433358193
-1435460
-147575343
14972367
273987442
239038269
517215000
89055813
201547177
392928959
-419404096
-529747487
-20832813
-438003628
-292145421
-26365499
364686274
-48933311
152237919
495676916
80189967
385723408
-177717942
14314985
-457250013
132027870
-450820111
138302969
201973358
-120301847
98042741
9981662
387255906
-499475241
502396597
-175310825
-101501482
178351654
-389218342
-524293498
273742521
-189587294
-158872172
365476590
-8323642
454731024
-60437257
435176279
-252426665
95491259
-159077020
-324188312
-215223118
394457944
268637422
-15114403
-212292650
46498554
-223094812
97634490
-527214814
253531692
-375761694
-94069917
470957326
307924864
-449920984
-245499099
435985083
9100501
-509394078
478945076
482428874
-330621346
523662072
352174591
-929853
452433654
-325204165
-241697937
-46973710
-459982734
-322659850
241943984
48749046
-485866869
360835211
278380471
-54936645
151282159
-42497517
199922453
361547194
-130915210
-124479459
-77601224
360151563
-424875251
54311111
-64101522
135555179
439136052
-373807296
-216754692
-459094117
-154137692
44949329
451681236
322060459
518617753
341521339
-115165661
49619139
241878205
-462971541
104274059
-257321192
305058024
15815252
255166180
132340636
-143036274
-109352866
-462353797
-314522802
27543020
112702764
-468463217
-108679656
417611487
-461179842
-490121176
310339607
255282815
307106621
-137064344
88447713
435044271
235787464
437217932
-495624288
-73008477
-183893505
274805835
274396211
-110657273
150607831
-493855361
-390119534
-481253992
512742418
-114890108
91363499
509414857
-41449135
190000996
4716126
-110103533
367773343
470909604
-382708782
151375849
189596907
-361543148
-524409414
-129167526
524390279
-533337638
265736608
-79080450
-426756533
-390463264
-295088846
-241254857
-100073195
152306937
-102564301
-103489991
-450215935
519086484
-184247447
324163725
-526831909
-45830596
-498250839
164546352
311951813
-39222396
-144102760
224552534
315719415
-346829805
515840370
-253610236
212053554
-104675768
526940845
-12538825
-359282170
-406993871
431585633
74533788
916245
384330580
502934971
184411294
-294207389
382975341
-47755861
-530272708
216236210
-313193378
-444923026
256862585
-421777109
240402456
-498069691
363015478
528430410
159056321
55313629
507554189
-27792212
-528466075
328084607
-390331270
-367673341
-438221656
321294221
-444808031
105349154
33961988
224365948
154321369
239581788
-26040506
-12518460
518874865
-164548462
-279458270
-245150639
147908797
86489355
439207607
99721685
522207669
89244952
188892513
512932782
469061554
-341082015
127103030
-464136199
-382810923
479320990
529102227
-407891723
42907880
55991523
-96672539
-376727314
8965394
96013692
394753215
157480244
347564158
-400346491
100232922
-385687943
-213379564
458488385
408931091
-55854167
146552381
297803679
444021559
457647169
279946150
528977270
-153113759
389515544
505809554
-336802029
-351535506
94249230
333714407
356425919
202768892
199141894
-429842369
115134063
-125590342
86400266
108441996
481224495
-366866207
5192154
-515432252
-59415465
-103689527
-409274184
-266168828
-57668810
31047533
488253988
-506530870
511258042
-414138090
201247935
-46895908
-418142822
324539234
-171114207
-303038359
63134435
365312208
